0.00 
100.00 100.00 
150.00 300.00 150.00 
175.00 425.00 425.00 175.00 
187.50 500.00 625.00 500.00 187.50 
193.75 543.75 762.50 762.50 543.75 193.75 
196.88 568.75 853.12 962.50 853.12 568.75 196.88 
198.44 582.81 910.94 1107.81 1107.81 910.94 582.81 198.44 
199.22 590.62 946.88 1209.38 1307.81 1209.38 946.88 590.62 199.22 
199.61 594.92 968.75 1278.12 1458.59 1458.59 1278.12 968.75 594.92 199.61 
Elapsed Time: 0.0017203299994434929 seconds
Number of function calls: 198
Number of cache calls: 142
